  L seed  space         trust contin   5-NN
 20    0  2-D           0.801  0.857  0.683
 20    0  20-D voltage  0.899  0.909  0.885
 20    1  2-D           0.799  0.846  0.714
 20    1  20-D voltage  0.898  0.906  0.874
 20    2  2-D           0.816  0.848  0.698
 20    2  20-D voltage  0.903  0.909  0.870
 40    0  2-D           0.758  0.783  0.618
 40    0  40-D voltage  0.879  0.862  0.824
 40    1  2-D           0.769  0.798  0.656
 40    1  40-D voltage  0.888  0.864  0.849
 40    2  2-D           0.797  0.798  0.661
 40    2  40-D voltage  0.897  0.862  0.832
