  L  ovl seed  space         trust contin   5-NN  covered-by
 20    2    0  2-D           0.801  0.857  0.683  6
 20    2    0  20-D voltage  0.899  0.909  0.885  6
 20    2    1  2-D           0.799  0.846  0.714  7
 20    2    1  20-D voltage  0.898  0.906  0.874  7
 20    4    0  2-D           0.814  0.884  0.706  10
 20    4    0  20-D voltage  0.921  0.929  0.890  10
 20    4    1  2-D           0.806  0.874  0.706  11
 20    4    1  20-D voltage  0.918  0.923  0.893  11
 20    8    0  2-D           0.823  0.899  0.737  15
 20    8    0  20-D voltage  0.926  0.933  0.886  15
 20    8    1  2-D           0.809  0.883  0.715  15
 20    8    1  20-D voltage  0.928  0.929  0.899  15
